0 0.4203125 0.93828125 0.16875 0.1234375
0 0.32578125 0.659375 0.121875 0.184375
0 0.14765625 0.86015625 0.140625 0.19375
0 0.10703125 0.5734375 0.090625 0.121875
0 0.2859375 0.43359375 0.0765625 0.1140625
0 0.10390625 0.43671875 0.0765625 0.1046875
0 0.11875 0.5 0.0796875 0.084375
0 0.01953125 0.37734375 0.0390625 0.109375
0 0.06953125 0.309375 0.0703125 0.0890625
0 0.18671875 0.3125 0.0640625 0.0859375
0 0.13671875 0.2484375 0.0546875 0.08125
0 0.3109375 0.265625 0.0609375 0.08125
0 0.23671875 0.24453125 0.0515625 0.0765625
0 0.27734375 0.2078125 0.046875 0.0671875
0 0.2421875 0.17734375 0.0453125 0.0625
0 0.32109375 0.175 0.05 0.0640625
0 0.3796875 0.18984375 0.046875 0.0625
0 0.28984375 0.15234375 0.0390625 0.0453125
0 0.3625 0.10234375 0.0625 0.0921875
0 0.4234375 0.1625 0.0390625 0.0546875
0 0.44765625 0.11015625 0.0375 0.0546875
0 0.9484375 0.7125 0.103125 0.215625
0 0.859375 0.51875 0.0953125 0.1390625
0 0.75 0.58984375 0.1171875 0.1515625
0 0.58125 0.40859375 0.0796875 0.1046875
0 0.70625 0.3625 0.0625 0.1046875
0 0.77265625 0.21171875 0.109375 0.2625
0 0.63359375 0.26953125 0.0578125 0.0828125
0 0.5359375 0.23515625 0.0546875 0.0796875
0 0.6421875 0.17578125 0.04375 0.0625
0 0.559375 0.17890625 0.0421875 0.08125
0 0.59296875 0.1484375 0.0375 0.0625
0 0.67578125 0.14140625 0.046875 0.0578125
0 0.51796875 0.11015625 0.0421875 0.0546875