0 0.4328125 0.9078125 0.1546875 0.184375
0 0.371875 0.7359375 0.1203125 0.1640625
0 0.3015625 0.54765625 0.1015625 0.1453125
0 0.275 0.44296875 0.0703125 0.1078125
0 0.13046875 0.4796875 0.11875 0.2109375
0 0.1109375 0.61484375 0.10625 0.15625
0 0.30625 0.28046875 0.0640625 0.0828125
0 0.26484375 0.21171875 0.05 0.090625
0 0.25078125 0.1171875 0.0875 0.1703125
0 0.33046875 0.1375 0.0734375 0.1421875
0 0.74609375 0.41171875 0.0796875 0.1140625
0 0.66796875 0.3140625 0.06875 0.1
0 0.7484375 0.2671875 0.0578125 0.0875
0 0.64375 0.2078125 0.0546875 0.0828125
0 0.63046875 0.12421875 0.040625 0.0578125
0 0.70390625 0.1078125 0.0421875 0.0953125
0 0.7703125 0.0828125 0.0515625 0.128125
0 0.41484375 0.171875 0.040625 0.0546875