0 0.8171875 0.865625 0.1375 0.1921875
0 0.89375 0.6140625 0.103125 0.1515625
0 0.70625 0.5421875 0.103125 0.13125
0 0.73671875 0.44921875 0.08125 0.1171875
0 0.87734375 0.5046875 0.084375 0.1234375
0 0.871875 0.4109375 0.08125 0.115625
0 0.94453125 0.334375 0.0625 0.0875
0 0.88359375 0.2375 0.08125 0.1390625
0 0.796875 0.28359375 0.0546875 0.084375
0 0.72578125 0.31484375 0.0625 0.084375
0 0.675 0.2703125 0.053125 0.084375
0 0.65078125 0.21875 0.0484375 0.075
0 0.60859375 0.190625 0.0390625 0.0609375
0 0.68046875 0.175 0.053125 0.0609375
0 0.7671875 0.215625 0.075 0.1125
0 0.4109375 0.30625 0.06875 0.115625
0 0.04375 0.5875 0.0859375 0.175
0 0.2578125 0.25390625 0.065625 0.146875
0 0.35 0.19296875 0.046875 0.059375
0 0.434375 0.1921875 0.0421875 0.071875
0 0.41484375 0.2390625 0.046875 0.0796875
0 0.38046875 0.1265625 0.0390625 0.0625
0 0.32578125 0.1375 0.03125 0.053125
0 0.2328125 0.07578125 0.0640625 0.1421875