0 0.3671875 0.71875 0.121875 0.175
0 0.1703125 0.91875 0.1484375 0.1625
0 0.12578125 0.80234375 0.1265625 0.1828125
0 0.06328125 0.6484375 0.10625 0.1390625
0 0.11171875 0.58046875 0.096875 0.1359375
0 0.13515625 0.42734375 0.071875 0.1171875
0 0.06328125 0.32109375 0.0625 0.0953125
0 0.17109375 0.33125 0.059375 0.09375
0 0.26640625 0.396875 0.0734375 0.1015625
0 0.203125 0.28125 0.053125 0.08125
0 0.30703125 0.271875 0.05625 0.0796875
0 0.3359375 0.23046875 0.046875 0.0671875
0 0.1515625 0.23046875 0.0515625 0.0734375
0 0.20546875 0.20234375 0.040625 0.0625
0 0.27421875 0.13828125 0.065625 0.103125
0 0.35078125 0.1609375 0.046875 0.0734375
0 0.371875 0.11484375 0.0546875 0.096875
0 0.41171875 0.165625 0.040625 0.05625
0 0.81796875 0.50703125 0.0953125 0.140625
0 0.92890625 0.37734375 0.13125 0.2640625
0 0.61484375 0.40859375 0.0796875 0.1359375
0 0.69375 0.35078125 0.0703125 0.09375
0 0.55234375 0.35390625 0.0703125 0.10625
0 0.53046875 0.26484375 0.0546875 0.0765625
0 0.65 0.25859375 0.0515625 0.0828125
0 0.73515625 0.14375 0.0765625 0.21875
0 0.64140625 0.1921875 0.05 0.0640625
0 0.58359375 0.15234375 0.0375 0.0703125
0 0.621875 0.121875 0.03125 0.065625
0 0.6828125 0.121875 0.0375 0.0625
0 0.803125 0.096875 0.0328125 0.05