0 0.1390625 0.81328125 0.1234375 0.1609375
0 0.1046875 0.70390625 0.109375 0.15625
0 0.32578125 0.62109375 0.1046875 0.18125
0 0.071875 0.5796875 0.0921875 0.128125
0 0.11171875 0.52109375 0.0890625 0.121875
0 0.1453125 0.39609375 0.06875 0.10625
0 0.2703125 0.3609375 0.06875 0.0984375
0 0.0234375 0.38515625 0.046875 0.09375
0 0.08046875 0.30234375 0.0578125 0.090625
0 0.17421875 0.21875 0.0453125 0.0671875
0 0.21953125 0.2578125 0.053125 0.08125
0 0.32265625 0.2421875 0.0546875 0.06875
0 0.3546875 0.21015625 0.046875 0.065625
0 0.2296875 0.1875 0.046875 0.0546875
0 0.26171875 0.215625 0.0578125 0.0703125
0 0.2984375 0.13203125 0.0703125 0.103125
0 0.37734375 0.146875 0.0453125 0.0625