0 0.42109375 0.83359375 0.14375 0.2109375
0 0.16796875 0.890625 0.15 0.2109375
0 0.3125 0.64375 0.096875 0.1328125
0 0.146875 0.66171875 0.1546875 0.278125
0 0.11484375 0.51875 0.0984375 0.1015625
0 0.265625 0.37109375 0.065625 0.09375
0 0.2 0.27109375 0.0625 0.10625
0 0.18359375 0.14765625 0.0875 0.196875
0 0.2671875 0.18125 0.0859375 0.165625
0 0.34609375 0.22890625 0.0515625 0.0640625
0 0.37421875 0.1953125 0.046875 0.0609375
0 0.39609375 0.13515625 0.0390625 0.0609375
0 0.84296875 0.38203125 0.075 0.109375
0 0.66328125 0.2859375 0.0609375 0.0828125
0 0.6484375 0.2234375 0.0546875 0.071875
0 0.72890625 0.1984375 0.05 0.0765625
0 0.66953125 0.15 0.0484375 0.075
0 0.740625 0.07734375 0.040625 0.09375
0 0.69609375 0.08359375 0.0359375 0.059375
0 0.8109375 0.0609375 0.0546875 0.10625
0 0.61015625 0.05234375 0.0296875 0.046875
0 0.49375 0.12265625 0.0421875 0.0515625
0 0.4515625 0.15 0.0453125 0.05625