0 0.325 0.76953125 0.1265625 0.175
0 0.82421875 0.675 0.134375 0.175
0 0.96171875 0.61484375 0.0765625 0.1609375
0 0.97109375 0.4859375 0.0578125 0.1265625
0 0.89921875 0.3984375 0.0875 0.1328125
0 0.80625 0.47578125 0.1015625 0.128125
0 0.725 0.54453125 0.0984375 0.1359375
0 0.6265625 0.46796875 0.0875 0.1109375
0 0.6984375 0.39453125 0.08125 0.121875
0 0.64609375 0.2859375 0.0578125 0.0859375
0 0.62578125 0.253125 0.046875 0.078125
0 0.74921875 0.21484375 0.071875 0.1453125
0 0.590625 0.153125 0.040625 0.0609375
0 0.675 0.14765625 0.0421875 0.0609375
0 0.7390625 0.09375 0.0359375 0.05625
0 0.80703125 0.10078125 0.040625 0.0546875
0 0.76796875 0.07265625 0.034375 0.059375
0 0.8484375 0.06875 0.034375 0.0484375
0 0.2953125 0.19296875 0.053125 0.0625
0 0.34609375 0.11953125 0.034375 0.0609375
0 0.371875 0.1546875 0.0421875 0.05625
0 0.4109375 0.165625 0.05 0.0609375
0 0.46796875 0.134375 0.046875 0.05625
0 0.51484375 0.1171875 0.0375 0.05625
0 0.4 0.1015625 0.03125 0.05
0 0.421875 0.125 0.0390625 0.053125
0 0.48359375 0.0796875 0.0375 0.0578125
0 0.525 0.08125 0.0390625 0.0546875
0 0.58984375 0.0796875 0.0421875 0.0515625
0 0.64765625 0.0453125 0.0328125 0.0421875