0 0.37265625 0.76953125 0.1421875 0.20625
0 0.1078125 0.640625 0.10625 0.1390625
0 0.290625 0.4875 0.0859375 0.1203125
0 0.10390625 0.553125 0.084375 0.10625
0 0.09453125 0.4765625 0.0734375 0.1078125
0 0.12890625 0.43203125 0.071875 0.0984375
0 0.0484375 0.33515625 0.06875 0.08125
0 0.1703125 0.33515625 0.0625 0.090625
0 0.29453125 0.29296875 0.0578125 0.078125
0 0.2203125 0.265625 0.053125 0.06875
0 0.115625 0.2640625 0.05625 0.078125
0 0.259375 0.225 0.046875 0.0671875
0 0.2203125 0.18984375 0.0453125 0.05625
0 0.29765625 0.190625 0.0484375 0.0671875
0 0.35703125 0.20859375 0.0484375 0.065625
0 0.40078125 0.17578125 0.0453125 0.059375
0 0.340625 0.11171875 0.0640625 0.090625
0 0.828125 0.60625 0.1203125 0.1796875
0 0.79921875 0.46484375 0.0921875 0.1234375
0 0.67109375 0.51015625 0.1 0.1375
0 0.684375 0.3359375 0.0578125 0.096875
0 0.55546875 0.36640625 0.0734375 0.09375
0 0.75859375 0.19296875 0.1015625 0.24375
0 0.6296875 0.24765625 0.059375 0.0796875
0 0.54296875 0.2140625 0.05 0.0765625
0 0.6484375 0.1625 0.04375 0.0609375
0 0.56953125 0.1609375 0.0453125 0.0796875
0 0.6859375 0.1359375 0.0375 0.059375
0 0.6078125 0.13203125 0.0390625 0.0578125