0 0.09140625 0.64921875 0.1125 0.203125
0 0.15234375 0.540625 0.084375 0.109375
0 0.121875 0.4 0.1171875 0.26875
0 0.2859375 0.50625 0.08125 0.1078125
0 0.2828125 0.38046875 0.071875 0.1
0 0.2953125 0.31953125 0.0625 0.09375
0 0.1953125 0.3015625 0.046875 0.0828125
0 0.22890625 0.26484375 0.05 0.0734375
0 0.2515625 0.228125 0.046875 0.06875
0 0.03515625 0.29609375 0.0703125 0.2875
0 0.35390625 0.1640625 0.0484375 0.0703125
0 0.365625 0.1171875 0.0328125 0.046875
0 0.65078125 0.28046875 0.05625 0.0859375
0 0.85546875 0.3859375 0.0796875 0.1171875
0 0.69921875 0.2 0.0453125 0.0671875
0 0.7359375 0.16953125 0.0421875 0.0625
0 0.73671875 0.1046875 0.0375 0.053125
0 0.76640625 0.0765625 0.0328125 0.0515625
0 0.83359375 0.07734375 0.034375 0.046875
0 0.575 0.078125 0.0328125 0.0515625
0 0.4296875 0.12734375 0.0421875 0.0484375
0 0.4390625 0.0921875 0.040625 0.0578125
0 0.640625 0.0453125 0.0390625 0.0484375
0 0.71015625 0.02109375 0.034375 0.0421875