0 0.09375 0.51875 0.0875 0.1671875
0 0.3890625 0.81953125 0.1390625 0.1765625
0 0.19609375 0.43515625 0.0765625 0.1015625
0 0.28203125 0.396875 0.0734375 0.090625
0 0.29921875 0.30625 0.0609375 0.078125
0 0.3296875 0.26015625 0.0546875 0.0765625
0 0.1421875 0.33203125 0.1046875 0.228125
0 0.04921875 0.25234375 0.0984375 0.2734375
0 0.22890625 0.25546875 0.0484375 0.0875
0 0.271875 0.2203125 0.04375 0.078125
0 0.3 0.19453125 0.05 0.0625
0 0.40625 0.12890625 0.034375 0.0640625
0 0.68828125 0.34609375 0.06875 0.103125
0 0.96796875 0.4890625 0.0640625 0.1359375
0 0.72109375 0.24609375 0.0515625 0.0765625
0 0.73203125 0.19765625 0.0484375 0.071875
0 0.6984375 0.13359375 0.0390625 0.0484375
0 0.725 0.09921875 0.0359375 0.0546875
0 0.79765625 0.096875 0.0390625 0.05
0 0.8078125 0.05390625 0.03125 0.053125