0 0.2328125 0.946875 0.171875 0.10625
0 0.353125 0.77734375 0.134375 0.175
0 0.33046875 0.63203125 0.109375 0.134375
0 0.2828125 0.48515625 0.09375 0.128125
0 0.1078125 0.55546875 0.096875 0.1390625
0 0.1265625 0.4328125 0.109375 0.2
0 0.27265625 0.39921875 0.0703125 0.0921875
0 0.31953125 0.2546875 0.0546875 0.08125
0 0.2859375 0.19296875 0.05 0.09375
0 0.2703125 0.10703125 0.084375 0.16875
0 0.3515625 0.12109375 0.071875 0.1375
0 0.8 0.46953125 0.0984375 0.121875
0 0.690625 0.3484375 0.071875 0.1140625
0 0.76015625 0.2890625 0.059375 0.0890625
0 0.63984375 0.22734375 0.0546875 0.0875
0 0.696875 0.11640625 0.040625 0.109375
0 0.759375 0.08984375 0.0546875 0.1203125
0 0.6109375 0.13359375 0.0375 0.071875
0 0.66015625 0.096875 0.03125 0.065625
0 0.81953125 0.0484375 0.0296875 0.0546875
0 0.50546875 0.0828125 0.0296875 0.0515625