0 0.86640625 0.7796875 0.1375 0.1953125
0 0.6375 0.71875 0.128125 0.2078125
0 0.4609375 0.95625 0.165625 0.0875
0 0.865625 0.5953125 0.1375 0.24375
0 0.70546875 0.5609375 0.084375 0.121875
0 0.72421875 0.33203125 0.059375 0.0875
0 0.7796875 0.2515625 0.059375 0.1046875
0 0.7125 0.15703125 0.078125 0.1546875
0 0.79453125 0.134375 0.0890625 0.1859375
0 0.63125 0.21171875 0.046875 0.0640625
0 0.31953125 0.32734375 0.0671875 0.0859375
0 0.1015625 0.41796875 0.078125 0.1109375
0 0.26875 0.21796875 0.046875 0.078125
0 0.35234375 0.2515625 0.059375 0.084375
0 0.34140625 0.165625 0.05 0.0671875
0 0.32734375 0.1 0.0359375 0.059375
0 0.27578125 0.08203125 0.0453125 0.0984375
0 0.2046875 0.06640625 0.0546875 0.1171875
0 0.35703125 0.0453125 0.03125 0.0515625
0 0.4796875 0.11015625 0.0375 0.0453125
0 0.6046875 0.17734375 0.0421875 0.059375