0 0.3265625 0.65078125 0.109375 0.159375
0 0.12734375 0.6125 0.1015625 0.1484375
0 0.20859375 0.9453125 0.1515625 0.109375
0 0.1203125 0.465625 0.071875 0.10625
0 0.275 0.39453125 0.071875 0.0890625
0 0.278125 0.32734375 0.0625 0.0703125
0 0.1703125 0.31875 0.0625 0.0921875
0 0.1453125 0.3859375 0.071875 0.09375
0 0.0609375 0.3109375 0.0609375 0.0828125
0 0.12109375 0.26953125 0.053125 0.0671875
0 0.1859375 0.19140625 0.078125 0.1140625
0 0.26015625 0.221875 0.05 0.078125
0 0.32265625 0.240625 0.053125 0.075
0 0.3796875 0.20234375 0.0453125 0.0625
0 0.2921875 0.171875 0.0734375 0.103125
0 0.4125 0.1671875 0.04375 0.0703125
0 0.715625 0.42265625 0.096875 0.1578125
0 0.8296875 0.33203125 0.0953125 0.2078125
0 0.78203125 0.25390625 0.0875 0.203125
0 0.64921875 0.2515625 0.0625 0.075
0 0.62578125 0.3171875 0.065625 0.103125
0 0.54609375 0.26015625 0.0578125 0.0875
0 0.56640625 0.17734375 0.0453125 0.06875
0 0.64453125 0.178125 0.0421875 0.0609375
0 0.74453125 0.10390625 0.065625 0.184375
0 0.68515625 0.134375 0.040625 0.05625
0 0.825 0.09140625 0.040625 0.053125