0 0.8421875 0.32578125 0.0703125 0.090625
0 0.7234375 0.321875 0.059375 0.0875
0 0.78046875 0.26484375 0.0546875 0.0828125
0 0.80234375 0.2046875 0.0515625 0.0703125
0 0.73203125 0.21328125 0.05 0.0671875
0 0.67890625 0.253125 0.05 0.08125
0 0.653125 0.22109375 0.046875 0.0703125
0 0.59921875 0.1796875 0.040625 0.0671875
0 0.7 0.1890625 0.0390625 0.0578125
0 0.7484375 0.17265625 0.04375 0.059375
0 0.67421875 0.1390625 0.034375 0.06875
0 0.6421875 0.16328125 0.0484375 0.0640625
0 0.19765625 0.65 0.11875 0.1828125
0 0.0796875 0.56484375 0.1109375 0.1390625
0 0.07421875 0.42890625 0.0828125 0.1171875
0 0.34453125 0.46640625 0.0859375 0.1671875
0 0.28359375 0.38046875 0.0734375 0.10625
0 0.18671875 0.33125 0.06875 0.10625
0 0.23984375 0.27734375 0.0640625 0.0890625
0 0.2578125 0.22734375 0.05625 0.09375
0 0.32734375 0.30703125 0.0609375 0.09375
0 0.3546875 0.25625 0.053125 0.078125
0 0.4359375 0.35625 0.0703125 0.1046875
0 0.46171875 0.3078125 0.0625 0.078125
0 0.36171875 0.21015625 0.0515625 0.065625
0 0.24296875 0.1203125 0.053125 0.1078125
0 0.33359375 0.146875 0.0359375 0.059375
0 0.31015625 0.1296875 0.0390625 0.05625
0 0.196875 0.10078125 0.0375 0.0546875