0 0.784375 0.478125 0.10625 0.1859375
0 0.8796875 0.3640625 0.1046875 0.221875
0 0.80546875 0.27890625 0.1015625 0.21875
0 0.6515625 0.35625 0.0734375 0.1109375
0 0.6484375 0.2703125 0.0609375 0.078125
0 0.54765625 0.28828125 0.059375 0.1015625
0 0.54921875 0.1953125 0.05 0.0703125
0 0.63984375 0.196875 0.040625 0.0703125
0 0.66875 0.14296875 0.0390625 0.0640625
0 0.73515625 0.109375 0.0671875 0.2015625
0 0.80625 0.09375 0.0390625 0.0546875
0 0.84453125 0.071875 0.0359375 0.0515625
0 0.6375 0.109375 0.0359375 0.0625
0 0.16953125 0.84765625 0.140625 0.16875
0 0.2953125 0.565625 0.1 0.146875
0 0.12421875 0.56171875 0.09375 0.1359375
0 0.02578125 0.3953125 0.0515625 0.1078125
0 0.12890625 0.421875 0.071875 0.103125
0 0.2765625 0.3578125 0.0734375 0.090625
0 0.28671875 0.30390625 0.05625 0.075
0 0.15546875 0.35234375 0.0671875 0.0859375
0 0.18515625 0.2984375 0.0609375 0.0859375
0 0.14140625 0.24765625 0.05625 0.0703125
0 0.08125 0.29140625 0.05625 0.078125
0 0.209375 0.17578125 0.078125 0.1046875
0 0.28125 0.20234375 0.0546875 0.075
0 0.31171875 0.15390625 0.0671875 0.090625
0 0.34140625 0.21796875 0.0515625 0.065625
0 0.39375 0.18125 0.04375 0.0640625
0 0.4890625 0.125 0.040625 0.05625
0 0.43125 0.14921875 0.0453125 0.0640625