0 0.3015625 0.62421875 0.1046875 0.140625
0 0.1109375 0.4203125 0.0765625 0.1375
0 0.246875 0.3578125 0.0640625 0.084375
0 0.29765625 0.3234375 0.0625 0.078125
0 0.1734375 0.26875 0.1 0.2015625
0 0.0828125 0.21796875 0.09375 0.234375
0 0.27109375 0.21328125 0.0484375 0.071875
0 0.33515625 0.2515625 0.0546875 0.071875
0 0.36953125 0.21484375 0.0484375 0.059375
0 0.31875 0.1859375 0.040625 0.0671875
0 0.35390625 0.159375 0.0421875 0.053125
0 0.771875 0.43359375 0.0828125 0.1328125
0 0.759375 0.29609375 0.059375 0.084375
0 0.7375 0.24296875 0.05 0.0796875
0 0.66953125 0.165625 0.04375 0.0609375
0 0.69453125 0.13046875 0.0375 0.0546875
0 0.7671875 0.1265625 0.0421875 0.05625
0 0.7625 0.07734375 0.0359375 0.059375
0 0.8328125 0.03671875 0.0375 0.0734375
0 0.4640625 0.10703125 0.0375 0.0609375
0 0.5484375 0.07890625 0.0359375 0.046875