0 0.7828125 0.79765625 0.1015625 0.1734375
0 0.89921875 0.9359375 0.065625 0.0890625
0 0.865625 0.81015625 0.0578125 0.0828125
0 0.8421875 0.715625 0.0453125 0.0625
0 0.80703125 0.6796875 0.0390625 0.0703125
0 0.7640625 0.63671875 0.0421875 0.0640625
0 0.68984375 0.6390625 0.0359375 0.0625
0 0.5296875 0.60390625 0.04375 0.075
0 0.6046875 0.5375 0.0390625 0.0546875
0 0.33671875 0.73828125 0.0453125 0.0765625
0 0.2390625 0.73359375 0.0609375 0.1
0 0.17578125 0.6578125 0.040625 0.0578125
0 0.51640625 0.46796875 0.0484375 0.1109375