0 0.2546875 0.671875 0.0515625 0.096875
0 0.34453125 0.66640625 0.0453125 0.065625
0 0.359375 0.96171875 0.078125 0.0765625
0 0.57421875 0.6296875 0.0515625 0.0671875
0 0.54765625 0.4640625 0.05 0.10625
0 0.49453125 0.503125 0.0421875 0.059375
0 0.6484375 0.54375 0.0453125 0.0578125
0 0.74375 0.66640625 0.05 0.05625
0 0.8140625 0.64375 0.0484375 0.0703125
0 0.85859375 0.6875 0.0453125 0.0734375
0 0.89453125 0.72890625 0.0484375 0.059375
0 0.94453125 0.8375 0.0609375 0.096875
0 0.8625 0.8359375 0.1203125 0.16875