0 0.20625 0.80546875 0.096875 0.1515625
0 0.121875 0.81796875 0.05625 0.1015625
0 0.08203125 0.9390625 0.065625 0.096875
0 0.18671875 0.68046875 0.046875 0.0625
0 0.1484375 0.7109375 0.0453125 0.0703125
0 0.228125 0.63828125 0.0453125 0.0671875
0 0.2984375 0.64140625 0.040625 0.0625
0 0.46484375 0.6046875 0.046875 0.0625
0 0.38828125 0.53671875 0.0390625 0.0515625
0 0.47890625 0.4671875 0.046875 0.115625
0 0.5296875 0.5 0.034375 0.059375
0 0.66171875 0.72578125 0.0453125 0.0828125
0 0.759375 0.71875 0.0578125 0.103125
0 0.81953125 0.6453125 0.0390625 0.0546875