0 0.17734375 0.82265625 0.115625 0.1859375
0 0.04765625 0.95625 0.0640625 0.0875
0 0.096875 0.82734375 0.053125 0.09375
0 0.1296875 0.725 0.0375 0.059375
0 0.16796875 0.68671875 0.0421875 0.065625
0 0.21015625 0.6421875 0.046875 0.0671875
0 0.28125 0.65234375 0.046875 0.0671875
0 0.4484375 0.61875 0.0515625 0.0625
0 0.37265625 0.54140625 0.040625 0.059375
0 0.46640625 0.46875 0.0515625 0.103125
0 0.51953125 0.50390625 0.034375 0.0515625
0 0.6578125 0.71015625 0.0421875 0.0703125
0 0.753125 0.7109375 0.0578125 0.096875
0 0.81171875 0.63671875 0.034375 0.0546875