0 0.209375 0.79921875 0.10625 0.1703125
0 0.0921875 0.9390625 0.0703125 0.0890625
0 0.128125 0.81328125 0.0609375 0.09375
0 0.15546875 0.715625 0.04375 0.0625
0 0.18828125 0.67890625 0.0453125 0.075
0 0.23203125 0.63359375 0.0453125 0.0671875
0 0.3046875 0.640625 0.040625 0.065625
0 0.4671875 0.6015625 0.046875 0.071875
0 0.66171875 0.73359375 0.05 0.0859375
0 0.76171875 0.72890625 0.0578125 0.09375
0 0.3921875 0.53359375 0.0390625 0.059375
0 0.82265625 0.6515625 0.0390625 0.0546875
0 0.48203125 0.46640625 0.0453125 0.1046875
0 0.53359375 0.4984375 0.0328125 0.05