0 0.1640625 0.82578125 0.1078125 0.1765625
0 0.0828125 0.8328125 0.0546875 0.103125
0 0.0328125 0.96328125 0.0625 0.0734375
0 0.66015625 0.69921875 0.0421875 0.078125
0 0.75 0.703125 0.05625 0.10625
0 0.8109375 0.62890625 0.0375 0.0546875
0 0.4421875 0.62265625 0.0390625 0.0671875
0 0.27421875 0.65859375 0.0359375 0.05625
0 0.2046875 0.64609375 0.0484375 0.0671875
0 0.1578125 0.68359375 0.04375 0.06875
0 0.12265625 0.7296875 0.0421875 0.0546875
0 0.365625 0.54921875 0.0359375 0.059375
0 0.46171875 0.46953125 0.05 0.1125
0 0.51328125 0.50625 0.034375 0.0515625