0 0.2171875 0.79765625 0.1015625 0.1734375
0 0.10078125 0.9359375 0.065625 0.0890625
0 0.134375 0.81015625 0.05625 0.0828125
0 0.1578125 0.715625 0.0453125 0.0625
0 0.19296875 0.6796875 0.0390625 0.0703125
0 0.2359375 0.63671875 0.0421875 0.0640625
0 0.31015625 0.6390625 0.0375 0.0625
0 0.4703125 0.60390625 0.04375 0.075
0 0.3953125 0.5375 0.0390625 0.0546875
0 0.66328125 0.73828125 0.04375 0.0765625
0 0.7609375 0.73359375 0.059375 0.1
0 0.82421875 0.6578125 0.040625 0.0578125
0 0.48359375 0.46796875 0.0484375 0.1109375