0 0.9046875 0.85234375 0.1078125 0.190625
0 0.91953125 0.7390625 0.0453125 0.0515625
0 0.8796875 0.696875 0.046875 0.0703125
0 0.83203125 0.65703125 0.046875 0.065625
0 0.7703125 0.68046875 0.0390625 0.0625
0 0.59609375 0.64296875 0.0515625 0.075
0 0.6671875 0.5609375 0.04375 0.0671875
0 0.56015625 0.4703125 0.0515625 0.1171875
0 0.5109375 0.5109375 0.034375 0.053125
0 0.36953125 0.95078125 0.08125 0.0984375
0 0.3421875 0.64140625 0.0421875 0.0734375
0 0.2578125 0.65234375 0.0578125 0.096875
0 0.97890625 0.853125 0.0390625 0.1015625