0 0.89140625 0.8484375 0.1109375 0.1703125
0 0.9703125 0.8484375 0.0515625 0.090625
0 0.9109375 0.73671875 0.05 0.0671875
0 0.87421875 0.69296875 0.0484375 0.071875
0 0.82734375 0.653125 0.0484375 0.0703125
0 0.7625 0.67421875 0.040625 0.071875
0 0.58828125 0.6390625 0.05 0.075
0 0.66328125 0.5546875 0.05 0.0609375
0 0.5578125 0.46875 0.0515625 0.125
0 0.50625 0.509375 0.0328125 0.05625
0 0.36875 0.953125 0.075 0.09375
0 0.34296875 0.65625 0.0421875 0.0640625
0 0.25703125 0.6625 0.0609375 0.096875