0 0.784375 0.74921875 0.2578125 0.3015625
0 0.3734375 0.78046875 0.246875 0.3484375
0 0.1109375 0.63359375 0.221875 0.3046875
0 0.21484375 0.4015625 0.1640625 0.153125
0 0.41015625 0.53984375 0.1578125 0.1828125
0 0.67109375 0.51484375 0.1640625 0.1640625
0 0.65390625 0.36015625 0.13125 0.1375
0 0.60859375 0.25234375 0.134375 0.1640625
0 0.41875 0.4 0.128125 0.11875
0 0.4359375 0.3015625 0.0890625 0.0953125
0 0.29921875 0.30625 0.1046875 0.0953125
0 0.33515625 0.2359375 0.078125 0.0734375
0 0.46640625 0.25859375 0.071875 0.0625