0 0.23984375 0.69921875 0.13125 0.2171875
0 0.409375 0.72109375 0.0765625 0.115625
0 0.13359375 0.70546875 0.084375 0.1078125
0 0.14453125 0.5484375 0.0625 0.090625
0 0.2609375 0.51796875 0.0453125 0.059375
0 0.3 0.528125 0.0390625 0.0625
0 0.0453125 0.5671875 0.090625 0.15625
0 0.02890625 0.69296875 0.0578125 0.1046875
0 0.784375 0.56796875 0.0484375 0.090625
0 0.690625 0.5828125 0.0578125 0.090625
0 0.6390625 0.52109375 0.04375 0.0859375
0 0.70625 0.52265625 0.05625 0.11875
0 0.490625 0.571875 0.05 0.075
0 0.43046875 0.515625 0.040625 0.0625