0 0.346875 0.8046875 0.090625 0.134375
0 0.55703125 0.80625 0.084375 0.13125
0 0.14140625 0.71328125 0.0875 0.1015625
0 0.0640625 0.9375 0.1234375 0.125
0 0.7046875 0.66484375 0.059375 0.0828125
0 0.8 0.646875 0.059375 0.09375
0 0.78671875 0.56875 0.04375 0.075
0 0.70859375 0.56875 0.0484375 0.0734375
0 0.60703125 0.5859375 0.05 0.0859375
0 0.64375 0.51015625 0.0375 0.075
0 0.721875 0.51171875 0.040625 0.0671875
0 0.42734375 0.55546875 0.0484375 0.065625
0 0.30625 0.58046875 0.040625 0.075
0 0.26484375 0.5296875 0.046875 0.0515625