0 0.653125 0.8046875 0.090625 0.134375
0 0.44296875 0.80625 0.084375 0.13125
0 0.85859375 0.71328125 0.0875 0.1015625
0 0.9359375 0.9375 0.1234375 0.125
0 0.2953125 0.66484375 0.059375 0.0828125
0 0.2 0.646875 0.0609375 0.09375
0 0.21328125 0.56875 0.04375 0.075
0 0.29140625 0.56875 0.046875 0.0734375
0 0.39296875 0.5859375 0.05 0.0859375
0 0.35625 0.51015625 0.0375 0.075
0 0.278125 0.51171875 0.040625 0.0671875
0 0.57265625 0.55546875 0.0484375 0.065625
0 0.69375 0.58046875 0.0421875 0.075
0 0.73515625 0.5296875 0.046875 0.0515625