0 0.7875 0.62265625 0.11875 0.0984375
0 0.67578125 0.6859375 0.1390625 0.1359375
0 0.73125 0.90546875 0.221875 0.1890625
0 0.45390625 0.659375 0.1296875 0.128125
0 0.45 0.5484375 0.1375 0.140625
0 0.2609375 0.6078125 0.1328125 0.1375
0 0.1921875 0.5109375 0.084375 0.0921875
0 0.3453125 0.46640625 0.0796875 0.0765625
0 0.27265625 0.41875 0.0859375 0.078125
0 0.38984375 0.403125 0.0734375 0.0671875
0 0.4609375 0.4625 0.1 0.0609375
0 0.60078125 0.465625 0.09375 0.078125
0 0.6203125 0.55390625 0.1015625 0.08125
0 0.70546875 0.45703125 0.08125 0.06875
0 0.89921875 0.45078125 0.0921875 0.071875