0 0.775 0.92421875 0.2046875 0.1515625
0 0.68046875 0.7484375 0.1546875 0.1703125
0 0.43046875 0.7859375 0.1625 0.1515625
0 0.1203125 0.8296875 0.2078125 0.20625
0 0.09375 0.640625 0.1265625 0.1234375
0 0.04765625 0.4171875 0.08125 0.078125
0 0.2953125 0.57890625 0.103125 0.1015625
0 0.21171875 0.49921875 0.09375 0.096875
0 0.3484375 0.484375 0.08125 0.071875
0 0.4703125 0.5609375 0.0984375 0.075
0 0.45703125 0.48203125 0.0953125 0.1046875
0 0.6421875 0.5828125 0.1140625 0.09375
0 0.7421875 0.52734375 0.090625 0.0828125
0 0.609375 0.48515625 0.078125 0.0734375
0 0.69375 0.42421875 0.0671875 0.059375
0 0.59453125 0.43046875 0.0890625 0.0671875
0 0.90625 0.4671875 0.0796875 0.0671875
0 0.84296875 0.4125 0.084375 0.0640625