0 0.39765625 0.8078125 0.178125 0.159375
0 0.07265625 0.65 0.1453125 0.1296875
0 0.9 0.76875 0.1671875 0.140625
0 0.71640625 0.928125 0.2140625 0.14375
0 0.628125 0.6203125 0.1203125 0.109375
0 0.80703125 0.61328125 0.1515625 0.1265625
0 0.60703125 0.528125 0.109375 0.090625
0 0.7015625 0.45234375 0.090625 0.08125
0 0.86796875 0.4359375 0.0921875 0.0765625
0 0.79296875 0.3796875 0.071875 0.0515625
0 0.59296875 0.42890625 0.1015625 0.146875
0 0.4578125 0.4546875 0.0796875 0.0703125
0 0.2796875 0.55703125 0.1015625 0.09375
0 0.2484375 0.41171875 0.075 0.0765625
0 0.3484375 0.428125 0.0859375 0.08125
0 0.36796875 0.34921875 0.0703125 0.0578125
0 0.29921875 0.3453125 0.0625 0.0625