0 0.2125 0.62265625 0.11875 0.0984375
0 0.32421875 0.6859375 0.1390625 0.1359375
0 0.26875 0.90546875 0.221875 0.1890625
0 0.54609375 0.659375 0.1296875 0.128125
0 0.55 0.5484375 0.1375 0.140625
0 0.7390625 0.6078125 0.1328125 0.1375
0 0.8078125 0.5109375 0.0859375 0.0921875
0 0.6546875 0.46640625 0.08125 0.0765625
0 0.72734375 0.41875 0.0859375 0.078125
0 0.61015625 0.403125 0.0734375 0.0671875
0 0.5390625 0.4625 0.1 0.0609375
0 0.39921875 0.465625 0.09375 0.078125
0 0.3796875 0.55390625 0.1015625 0.08125
0 0.29453125 0.45703125 0.0796875 0.06875
0 0.10078125 0.45078125 0.0921875 0.071875