0 0.28046875 0.62578125 0.11875 0.1171875
0 0.29375 0.415625 0.078125 0.0703125
0 0.7671875 0.9421875 0.215625 0.115625
0 0.64296875 0.778125 0.159375 0.1421875
0 0.65703125 0.66953125 0.1296875 0.103125
0 0.63984375 0.5984375 0.1125 0.0984375
0 0.46484375 0.60234375 0.1203125 0.10625
0 0.44921875 0.5328125 0.1015625 0.075
0 0.4671875 0.47265625 0.090625 0.05625
0 0.6171875 0.5140625 0.1109375 0.0875
0 0.80546875 0.58125 0.1046875 0.1
0 0.92890625 0.49453125 0.090625 0.071875
0 0.88125 0.38515625 0.065625 0.0453125
0 0.78125 0.37890625 0.059375 0.046875
0 0.68359375 0.39296875 0.071875 0.0546875
0 0.59765625 0.440625 0.0796875 0.053125
0 0.48046875 0.41484375 0.0703125 0.053125