0 0.225 0.91796875 0.2140625 0.1640625
0 0.0640625 0.884375 0.128125 0.1640625
0 0.5890625 0.709375 0.1640625 0.2015625
0 0.615625 0.93828125 0.221875 0.1234375
0 0.87578125 0.7984375 0.1875 0.209375
0 0.90546875 0.621875 0.14375 0.1296875
0 0.33984375 0.6953125 0.1328125 0.1125
0 0.24765625 0.5328125 0.1 0.084375
0 0.38359375 0.55 0.11875 0.1046875
0 0.55390625 0.5359375 0.1078125 0.078125
0 0.66015625 0.45234375 0.084375 0.090625
0 0.72890625 0.41015625 0.0640625 0.0828125
0 0.8734375 0.3546875 0.065625 0.05625
0 0.40625 0.4796875 0.0859375 0.075
0 0.29296875 0.45234375 0.09375 0.0609375
0 0.17109375 0.409375 0.071875 0.0546875
0 0.053125 0.41328125 0.0734375 0.05625