0 0.65390625 0.9359375 0.2078125 0.128125
0 0.5859375 0.74140625 0.146875 0.15625
0 0.31875 0.84921875 0.19375 0.1796875
0 0.1328125 0.71171875 0.1640625 0.1328125
0 0.215625 0.5765625 0.121875 0.121875
0 0.37890625 0.58125 0.1125 0.09375
0 0.546875 0.5703125 0.109375 0.10625
0 0.73828125 0.61796875 0.125 0.109375
0 0.9515625 0.70390625 0.096875 0.1453125
0 0.76796875 0.43203125 0.0828125 0.0828125
0 0.66875 0.453125 0.090625 0.0921875
0 0.5390625 0.4328125 0.0734375 0.0640625
0 0.39765625 0.49765625 0.096875 0.06875
0 0.41171875 0.4109375 0.0859375 0.1390625
0 0.30703125 0.43359375 0.084375 0.0671875
0 0.15 0.421875 0.0671875 0.0578125
0 0.2171875 0.36875 0.05625 0.0515625
0 0.6359375 0.36953125 0.075 0.0703125
0 0.71015625 0.3578125 0.0671875 0.0578125