0 0.2609375 0.9046875 0.19375 0.1703125
0 0.38125 0.728125 0.1484375 0.121875
0 0.75546875 0.68359375 0.140625 0.128125
0 0.53125 0.56171875 0.109375 0.103125
0 0.35234375 0.64296875 0.13125 0.0953125
0 0.36328125 0.57265625 0.10625 0.0796875
0 0.21875 0.546875 0.1015625 0.0828125
0 0.38515625 0.50078125 0.096875 0.090625
0 0.53359375 0.4578125 0.0875 0.0625
0 0.72265625 0.4390625 0.0734375 0.0703125
0 0.32421875 0.3890625 0.0625 0.053125
0 0.40546875 0.42734375 0.0734375 0.053125
0 0.52109375 0.40625 0.0734375 0.053125
0 0.09921875 0.475 0.0859375 0.0609375
0 0.03984375 0.5359375 0.075 0.08125
0 0.1359375 0.37109375 0.053125 0.053125