0 0.890625 0.603125 0.1359375 0.121875
0 0.62109375 0.88984375 0.184375 0.1734375
0 0.35703125 0.6703125 0.128125 0.121875
0 0.54921875 0.6203125 0.1234375 0.115625
0 0.6921875 0.5125 0.10625 0.0984375
0 0.07578125 0.83125 0.1515625 0.1609375
0 0.1671875 0.653125 0.165625 0.1375
0 0.38828125 0.55625 0.11875 0.0890625
0 0.4 0.44609375 0.0953125 0.1640625
0 0.28828125 0.47265625 0.0953125 0.0859375
0 0.10859375 0.45703125 0.09375 0.08125
0 0.19453125 0.39296875 0.071875 0.0609375
0 0.1703125 0.34296875 0.0609375 0.0515625
0 0.54296875 0.47734375 0.09375 0.0703125
0 0.53203125 0.4265625 0.084375 0.0640625
0 0.6390625 0.40234375 0.0828125 0.084375
0 0.7390625 0.39296875 0.075 0.075
0 0.69296875 0.32578125 0.059375 0.059375
0 0.6203125 0.33046875 0.0625 0.0609375