0 0.77109375 0.63984375 0.146875 0.159375
0 0.8703125 0.559375 0.1140625 0.1140625
0 0.68828125 0.4796875 0.1078125 0.109375
0 0.76875 0.44921875 0.075 0.08125
0 0.6234375 0.3484375 0.059375 0.0671875
0 0.6765625 0.31484375 0.0546875 0.05625
0 0.59375 0.275 0.0515625 0.0484375
0 0.821875 0.31171875 0.0546875 0.05
0 0.33125 0.76171875 0.18125 0.1546875
0 0.378125 0.62578125 0.1296875 0.1109375
0 0.13359375 0.7046875 0.146875 0.134375
0 0.22421875 0.5671875 0.121875 0.1
0 0.27578125 0.48125 0.096875 0.09375
0 0.4 0.47734375 0.09375 0.0796875
0 0.334375 0.3890625 0.078125 0.059375
0 0.53125 0.37890625 0.075 0.05625
0 0.58828125 0.6984375 0.1390625 0.125
0 0.56015625 0.59765625 0.1296875 0.1
0 0.52578125 0.49453125 0.096875 0.0875
0 0.42421875 0.36171875 0.08125 0.1375
0 0.2046875 0.37890625 0.0671875 0.059375
0 0.06875 0.49296875 0.10625 0.084375