0 0.3515625 0.70546875 0.1734375 0.1578125
0 0.159375 0.6609375 0.1375 0.128125
0 0.24296875 0.53359375 0.109375 0.0828125
0 0.38828125 0.584375 0.109375 0.096875
0 0.553125 0.57109375 0.11875 0.1015625
0 0.578125 0.65859375 0.140625 0.10625
0 0.7015625 0.51953125 0.1125 0.125
0 0.82421875 0.71015625 0.1890625 0.184375
0 0.90625 0.59765625 0.125 0.1203125
0 0.78828125 0.471875 0.090625 0.090625
0 0.51796875 0.47421875 0.090625 0.0796875
0 0.40703125 0.45234375 0.090625 0.06875
0 0.28515625 0.46015625 0.09375 0.08125
0 0.09609375 0.46640625 0.0859375 0.0765625
0 0.21484375 0.37265625 0.05625 0.05
0 0.33515625 0.37265625 0.075 0.053125
0 0.428125 0.353125 0.0796875 0.1078125
0 0.63046875 0.365625 0.0578125 0.0640625
0 0.5296875 0.3625 0.0515625 0.0421875
0 0.6890625 0.33046875 0.0546875 0.0484375
0 0.228125 0.93671875 0.21875 0.1265625