0 0.4484375 0.753125 0.1078125 0.1328125
0 0.14296875 0.8 0.1703125 0.21875
0 0.078125 0.7203125 0.1421875 0.1765625
0 0.1234375 0.596875 0.1234375 0.1171875
0 0.228125 0.52109375 0.0953125 0.096875
0 0.3 0.54453125 0.078125 0.078125
0 0.321875 0.60234375 0.103125 0.11875
0 0.3046875 0.47734375 0.053125 0.059375
0 0.415625 0.4953125 0.04375 0.0671875
0 0.396875 0.44921875 0.04375 0.059375
0 0.4515625 0.459375 0.0375 0.053125
0 0.4296875 0.4109375 0.028125 0.0421875
0 0.34765625 0.44453125 0.0453125 0.053125
0 0.38046875 0.41640625 0.0375 0.0421875