0 0.54375 0.91953125 0.1203125 0.1609375
0 0.42578125 0.7546875 0.0984375 0.1546875
0 0.15546875 0.821875 0.159375 0.20625
0 0.1703125 0.64140625 0.1140625 0.159375
0 0.33046875 0.5734375 0.1140625 0.134375
0 0.59765625 0.534375 0.05625 0.0890625
0 0.67890625 0.5203125 0.0421875 0.075
0 0.33046875 0.5 0.1015625 0.115625
0 0.1796875 0.565625 0.090625 0.0921875
0 0.4234375 0.50078125 0.05 0.0703125
0 0.4171875 0.43515625 0.0453125 0.0515625
0 0.465625 0.44609375 0.0375 0.059375
0 0.3578125 0.43515625 0.0421875 0.053125
0 0.39296875 0.41171875 0.0328125 0.0484375
0 0.61875 0.38203125 0.0234375 0.034375