0 0.190625 0.75390625 0.1140625 0.165625
0 0.1265625 0.60859375 0.096875 0.121875
0 0.27890625 0.559375 0.078125 0.0828125
0 0.334375 0.5859375 0.0796875 0.109375
0 0.25546875 0.5 0.0640625 0.084375
0 0.3390625 0.4453125 0.046875 0.0671875
0 0.39609375 0.4546875 0.040625 0.0578125
0 0.45390625 0.4578125 0.04375 0.0609375
0 0.44140625 0.40078125 0.0515625 0.075
0 0.4078125 0.39296875 0.028125 0.040625
0 0.47890625 0.37890625 0.0265625 0.0328125
0 0.51796875 0.3859375 0.028125 0.0328125
0 0.44921875 0.3640625 0.0265625 0.0296875
0 0.69375 0.6078125 0.0515625 0.09375
0 0.65703125 0.44453125 0.034375 0.0609375
0 0.665625 0.396875 0.0328125 0.0421875
0 0.57890625 0.38984375 0.0265625 0.0390625
0 0.61875 0.3734375 0.0234375 0.0359375
0 0.6390625 0.34296875 0.0203125 0.028125