0 0.21953125 0.7515625 0.125 0.1671875
0 0.19140625 0.6234375 0.1015625 0.1234375
0 0.18515625 0.55234375 0.0875 0.090625
0 0.3234375 0.5828125 0.0703125 0.096875
0 0.3140625 0.475 0.0546875 0.0671875
0 0.403125 0.51640625 0.0546875 0.0703125
0 0.36875 0.471875 0.046875 0.078125
0 0.4375 0.4171875 0.0296875 0.04375
0 0.39375 0.4140625 0.034375 0.0375
0 0.49296875 0.41875 0.0296875 0.0390625
0 0.46875 0.38515625 0.0265625 0.040625
0 0.4484375 0.36796875 0.025 0.0390625
0 0.59453125 0.35859375 0.0203125 0.0296875
0 0.62265625 0.3578125 0.01875 0.03125
0 0.60390625 0.328125 0.0171875 0.0234375
0 0.6265625 0.3171875 0.0125 0.0234375
0 0.64765625 0.31875 0.0125 0.0203125