0 0.809375 0.75390625 0.1140625 0.165625
0 0.8734375 0.60859375 0.096875 0.121875
0 0.72109375 0.559375 0.078125 0.0828125
0 0.665625 0.5859375 0.0796875 0.109375
0 0.74453125 0.5 0.065625 0.084375
0 0.6609375 0.4453125 0.046875 0.0671875
0 0.60390625 0.4546875 0.0421875 0.0578125
0 0.54609375 0.4578125 0.04375 0.0609375
0 0.55859375 0.40078125 0.0515625 0.075
0 0.5921875 0.39296875 0.028125 0.040625
0 0.52109375 0.37890625 0.0265625 0.0328125
0 0.48203125 0.3859375 0.0296875 0.0328125
0 0.55078125 0.3640625 0.0265625 0.0296875
0 0.30625 0.6078125 0.0515625 0.09375
0 0.34296875 0.44453125 0.034375 0.0609375
0 0.334375 0.396875 0.03125 0.0421875
0 0.42109375 0.38984375 0.0265625 0.0390625
0 0.38125 0.3734375 0.0234375 0.0359375
0 0.3609375 0.34296875 0.0203125 0.028125