0 0.85078125 0.80390625 0.15625 0.228125
0 0.81328125 0.6390625 0.1 0.1328125
0 0.83671875 0.57578125 0.09375 0.1140625
0 0.66328125 0.5828125 0.0734375 0.1
0 0.715625 0.55234375 0.0703125 0.0875
0 0.71171875 0.48671875 0.0546875 0.0828125
0 0.6421875 0.484375 0.04375 0.065625
0 0.590625 0.4359375 0.0390625 0.0546875
0 0.5609375 0.41484375 0.028125 0.046875
0 0.525 0.4359375 0.034375 0.0515625
0 0.5859375 0.39296875 0.028125 0.040625
0 0.5359375 0.3875 0.028125 0.0375
0 0.40078125 0.4984375 0.0375 0.0515625
0 0.4328125 0.409375 0.03125 0.04375
0 0.38359375 0.3890625 0.0234375 0.034375
0 0.34296875 0.39296875 0.0234375 0.03125
0 0.41015625 0.35390625 0.01875 0.0265625
0 0.3765625 0.35546875 0.015625 0.025
0 0.34453125 0.34609375 0.015625 0.0234375
0 0.546875 0.36875 0.0203125 0.028125