0 0.71796875 0.765625 0.09375 0.1578125
0 0.55390625 0.7453125 0.0859375 0.1515625
0 0.55859375 0.46171875 0.046875 0.065625
0 0.621875 0.38125 0.03125 0.04375
0 0.6578125 0.409375 0.0296875 0.0546875
0 0.15859375 0.803125 0.1546875 0.19375
0 0.0609375 0.659375 0.121875 0.1625
0 0.2765625 0.56328125 0.0890625 0.1078125
0 0.3546875 0.5765625 0.0765625 0.1125
0 0.42109375 0.49453125 0.065625 0.0859375
0 0.2515625 0.51328125 0.065625 0.0796875
0 0.39296875 0.45546875 0.0453125 0.059375
0 0.4875 0.42421875 0.0375 0.05625