0 0.57421875 0.634375 0.0703125 0.1171875
0 0.66875 0.521875 0.0515625 0.0828125
0 0.6671875 0.42578125 0.0375 0.05
0 0.6578125 0.36015625 0.0234375 0.0453125
0 0.58671875 0.36484375 0.028125 0.040625
0 0.2453125 0.69609375 0.1171875 0.1953125
0 0.20234375 0.61484375 0.115625 0.159375
0 0.1390625 0.58671875 0.11875 0.1421875
0 0.278125 0.50078125 0.06875 0.078125
0 0.34921875 0.50078125 0.059375 0.0765625
0 0.37421875 0.56796875 0.0640625 0.0984375
0 0.4484375 0.47109375 0.0421875 0.0640625
0 0.3546875 0.43828125 0.046875 0.071875
0 0.428125 0.4203125 0.040625 0.0578125
0 0.48515625 0.41484375 0.04375 0.046875
0 0.4578125 0.39140625 0.034375 0.0515625