0 0.72890625 0.9046875 0.1015625 0.190625
0 0.596875 0.53359375 0.0578125 0.1046875
0 0.525 0.53125 0.053125 0.08125
0 0.65859375 0.36796875 0.021875 0.0375
0 0.6234375 0.36015625 0.01875 0.034375
0 0.5828125 0.3765625 0.0234375 0.0390625
0 0.165625 0.8125 0.15 0.184375
0 0.075 0.62578125 0.1203125 0.121875
0 0.25390625 0.5859375 0.0796875 0.0921875
0 0.271875 0.49140625 0.065625 0.084375
0 0.340625 0.6015625 0.0671875 0.109375
0 0.4078125 0.49609375 0.0546875 0.078125
0 0.38125 0.46171875 0.046875 0.065625
0 0.3515625 0.44296875 0.0421875 0.0546875
0 0.41640625 0.3765625 0.0484375 0.0796875
0 0.446875 0.45703125 0.0359375 0.065625
0 0.42578125 0.43203125 0.0359375 0.0453125
0 0.4765625 0.4359375 0.0265625 0.0453125
0 0.45234375 0.39921875 0.028125 0.0390625
0 0.48359375 0.40859375 0.0296875 0.0375
0 0.4140625 0.55546875 0.0296875 0.025