0 0.425 0.44765625 0.02734375 0.0453125
0 0.45390625 0.41875 0.0125 0.02734375
0 0.48359375 0.40859375 0.01953125 0.02890625
0 0.57578125 0.434375 0.0203125 0.03515625
0 0.540625 0.390625 0.0140625 0.02421875
0 0.55390625 0.38046875 0.009375 0.015625
0 0.53515625 0.35703125 0.009375 0.0234375
0 0.54921875 0.36015625 0.0125 0.0125
0 0.46484375 0.4015625 0.0125 0.025
0 0.5015625 0.3796875 0.01171875 0.02109375
0 0.47578125 0.38984375 0.0125 0.01171875
0 0.54921875 0.34609375 0.0109375 0.01328125
0 0.490625 0.37109375 0.0109375 0.0140625
0 0.50390625 0.3578125 0.0078125 0.01328125
0 0.5140625 0.359375 0.009375 0.0109375
0 0.521875 0.3359375 0.0078125 0.0140625