0 0.384375 0.49453125 0.05 0.07890625
0 0.890625 0.93515625 0.21875 0.1296875
0 0.43359375 0.44140625 0.02109375 0.03125
0 0.46875 0.43828125 0.02421875 0.03515625
0 0.56640625 0.41015625 0.0140625 0.02109375
0 0.5390625 0.38203125 0.0109375 0.01484375
0 0.49453125 0.39296875 0.01328125 0.02734375
0 0.465625 0.4015625 0.01171875 0.02421875
0 0.45 0.42109375 0.015625 0.025
0 0.4984375 0.37578125 0.01640625 0.01171875
0 0.4859375 0.3765625 0.0109375 0.01796875
0 0.55078125 0.37265625 0.01328125 0.01640625
0 0.5375 0.35390625 0.00546875 0.01328125
0 0.50078125 0.36171875 0.0125 0.01953125
0 0.51171875 0.36484375 0.009375 0.0140625
0 0.50859375 0.35078125 0.003125 0.003125
0 0.51953125 0.3515625 0.00859375 0.0078125
0 0.54921875 0.35078125 0.0125 0.01953125
0 0.521875 0.334375 0.00390625 0.0109375
0 0.53671875 0.34140625 0.00390625 0.0078125