0 0.40625 0.60859375 0.0734375 0.10078125
0 0.34140625 0.559375 0.05546875 0.090625
0 0.446875 0.42890625 0.03125 0.04375
0 0.4734375 0.4421875 0.0234375 0.04296875
0 0.475 0.39296875 0.0140625 0.021875
0 0.49453125 0.36640625 0.00625 0.0171875
0 0.50703125 0.37109375 0.00859375 0.0125
0 0.5390625 0.40078125 0.0125 0.015625
0 0.5390625 0.43828125 0.0234375 0.0421875
0 0.5828125 0.42890625 0.03359375 0.06796875
0 0.56015625 0.3796875 0.02109375 0.03671875
0 0.54765625 0.36640625 0.0109375 0.025
0 0.5375 0.36015625 0.0109375 0.021875
0 0.50546875 0.35859375 0.0078125 0.01015625
0 0.51484375 0.3578125 0.00703125 0.0171875
0 0.54140625 0.3390625 0.0140625 0.0140625
0 0.51796875 0.33984375 0.00625 0.0140625