0 0.375 0.64609375 0.06328125 0.1125
0 0.33359375 0.5703125 0.0515625 0.08828125
0 0.56796875 0.52421875 0.0296875 0.05078125
0 0.61953125 0.66328125 0.09609375 0.13984375
0 0.71484375 0.975 0.1390625 0.05
0 0.6109375 0.503125 0.0484375 0.0734375
0 0.55390625 0.49296875 0.034375 0.06875
0 0.39375 0.49609375 0.04375 0.05546875
0 0.43203125 0.43671875 0.025 0.040625
0 0.4734375 0.4265625 0.034375 0.0390625
0 0.48203125 0.40546875 0.02265625 0.03203125
0 0.55546875 0.3828125 0.0125 0.0171875
0 0.5375 0.36875 0.0046875 0.01328125
0 0.55078125 0.36484375 0.0140625 0.0140625
0 0.50546875 0.37421875 0.01328125 0.01796875
0 0.53671875 0.3515625 0.00703125 0.0109375
0 0.509375 0.35234375 0.00703125 0.0140625
0 0.51640625 0.35625 0.00859375 0.00859375
0 0.49296875 0.36953125 0.009375 0.0140625