0 0.3 0.61015625 0.084375 0.14453125
0 0.440625 0.49140625 0.02734375 0.05625
0 0.39921875 0.48203125 0.03125 0.0546875
0 0.453125 0.41796875 0.02109375 0.03203125
0 0.42734375 0.44609375 0.0203125 0.03203125
0 0.48515625 0.4046875 0.01796875 0.02578125
0 0.5828125 0.60625 0.0484375 0.0875
0 0.6203125 0.7171875 0.075 0.12578125
0 0.6703125 0.6125 0.07421875 0.10859375
0 0.678125 0.625 0.04296875 0.07734375
0 0.55859375 0.39375 0.0109375 0.01796875
0 0.53828125 0.37421875 0.0125 0.01953125
0 0.4796875 0.38515625 0.0078125 0.01796875
0 0.49140625 0.3828125 0.01015625 0.0171875
0 0.4984375 0.3671875 0.01171875 0.0125
0 0.509375 0.36953125 0.009375 0.01171875
0 0.5515625 0.36875 0.009375 0.01484375
0 0.53828125 0.35234375 0.00625 0.0140625
0 0.5078125 0.35390625 0.0046875 0.00703125
0 0.51796875 0.35390625 0.00390625 0.0109375
0 0.546875 0.346875 0.00703125 0.01875
0 0.521875 0.33515625 0.00390625 0.00703125