0 0.09140625 0.90234375 0.1359375 0.1953125
0 0.3453125 0.55859375 0.04765625 0.0765625
0 0.425 0.534375 0.03671875 0.075
0 0.89296875 0.8609375 0.2140625 0.27734375
0 0.66640625 0.88984375 0.1296875 0.14765625
0 0.5625 0.496875 0.04375 0.0640625
0 0.44921875 0.46171875 0.04140625 0.0703125
0 0.546875 0.43671875 0.034375 0.05078125
0 0.44765625 0.4265625 0.02890625 0.0515625
0 0.5359375 0.415625 0.021875 0.0328125
0 0.5765625 0.41875 0.03203125 0.04765625
0 0.4875 0.38515625 0.0125 0.01796875
0 0.4953125 0.390625 0.009375 0.02109375
0 0.55 0.36953125 0.00703125 0.0140625
0 0.50234375 0.36328125 0.01015625 0.009375
0 0.5109375 0.36484375 0.00625 0.01484375
0 0.5390625 0.3578125 0.00703125 0.01015625