0 0.31015625 0.60390625 0.0765625 0.13828125
0 0.44296875 0.48125 0.028125 0.07578125
0 0.55859375 0.403125 0.0234375 0.03046875
0 0.65 0.5625 0.05390625 0.065625
0 0.90625 0.95703125 0.175 0.0859375
0 0.54609375 0.4390625 0.0203125 0.02734375
0 0.4609375 0.40390625 0.0171875 0.02578125
0 0.478125 0.38671875 0.0078125 0.0125
0 0.490625 0.37578125 0.00703125 0.01328125
0 0.5 0.3796875 0.0125 0.01484375
0 0.53671875 0.3703125 0.0109375 0.021875
0 0.553125 0.36484375 0.0140625 0.025
0 0.51171875 0.36328125 0.00859375 0.0078125
0 0.54765625 0.34765625 0.0078125 0.009375
0 0.51171875 0.35546875 0.00703125 0.0078125
0 0.51953125 0.34921875 0.00625 0.0078125
0 0.4953125 0.36328125 0.00625 0.01328125
0 0.5375 0.3421875 0.0078125 0.01796875