0 0.3828125 0.60390625 0.0765625 0.13828125
0 0.44609375 0.42265625 0.028125 0.07578125
0 0.55546875 0.38671875 0.01484375 0.025
0 0.6046875 0.47421875 0.05390625 0.065625
0 0.4921875 0.39453125 0.0140625 0.0234375
0 0.54140625 0.41015625 0.0203125 0.02734375
0 0.46484375 0.403125 0.0171875 0.02578125
0 0.47578125 0.3890625 0.0140625 0.02421875
0 0.490625 0.37578125 0.00703125 0.01328125
0 0.48359375 0.38046875 0.0125 0.01484375
0 0.53671875 0.36484375 0.0109375 0.021875
0 0.55 0.36328125 0.0140625 0.025
0 0.5046875 0.371875 0.00859375 0.02265625
0 0.54765625 0.34765625 0.0078125 0.009375
0 0.51171875 0.35546875 0.00703125 0.0078125
0 0.51953125 0.34921875 0.00625 0.0078125
0 0.4953125 0.36328125 0.00625 0.01328125
0 0.5375 0.3421875 0.0078125 0.01796875