0 0.3765625 0.53671875 0.05 0.0796875
0 0.6 0.4875 0.04296875 0.06640625
0 0.40859375 0.46171875 0.03046875 0.0578125
0 0.44765625 0.415625 0.01875 0.03203125
0 0.49453125 0.39375 0.01875 0.0265625
0 0.53828125 0.38671875 0.02109375 0.03046875
0 0.4875 0.37421875 0.0125 0.01640625
0 0.51171875 0.36328125 0.0078125 0.0125
0 0.54921875 0.35703125 0.00859375 0.0234375
0 0.55546875 0.3734375 0.009375 0.034375
0 0.53828125 0.35390625 0.00390625 0.00546875
0 0.4953125 0.36875 0.00546875 0.01015625
0 0.53828125 0.34609375 0.003125 0.0046875
0 0.5015625 0.3625 0.00546875 0.00546875