0 0.321875 0.80546875 0.11171875 0.23046875
0 0.13984375 0.86171875 0.128125 0.20390625
0 0.75390625 0.66171875 0.2 0.340625
0 0.39921875 0.5734375 0.06328125 0.1171875
0 0.5796875 0.55546875 0.04375 0.0671875
0 0.54921875 0.4390625 0.01875 0.02734375
0 0.48515625 0.4078125 0.0140625 0.021875
0 0.4265625 0.44921875 0.02109375 0.034375
0 0.565625 0.4015625 0.01484375 0.0265625
0 0.54453125 0.41015625 0.01796875 0.034375
0 0.5078125 0.3703125 0.00859375 0.01171875
0 0.4875 0.37734375 0.009375 0.0125
0 0.4765625 0.38984375 0.01015625 0.0140625
0 0.54921875 0.3640625 0.00703125 0.01015625
0 0.5375 0.3546875 0.0046875 0.0078125