0 0.71875 0.659375 0.1828125 0.32265625
0 0.565625 0.55390625 0.04453125 0.07109375
0 0.4125 0.47734375 0.0296875 0.05546875
0 0.4515625 0.415625 0.01796875 0.034375
0 0.4828125 0.41171875 0.01640625 0.0328125
0 0.54375 0.40234375 0.015625 0.03203125
0 0.57734375 0.41640625 0.03671875 0.0765625
0 0.4984375 0.38515625 0.0109375 0.01953125
0 0.4796875 0.3875 0.01171875 0.01484375
0 0.53828125 0.371875 0.01171875 0.0203125
0 0.54921875 0.3796875 0.00703125 0.0125
0 0.49296875 0.37109375 0.01015625 0.0125
0 0.5046875 0.35625 0.00625 0.015625
0 0.5140625 0.35859375 0.0078125 0.009375
0 0.553125 0.36875 0.01171875 0.01640625
0 0.53984375 0.34140625 0.00859375 0.01953125
0 0.51015625 0.3484375 0.00390625 0.0125
0 0.51953125 0.34921875 0.00546875 0.01171875