0 0.14921875 0.86796875 0.1390625 0.2265625
0 0.4109375 0.58359375 0.0578125 0.10625
0 0.65546875 0.85390625 0.10078125 0.16640625
0 0.88046875 0.8375 0.2390625 0.325
0 0.590625 0.43203125 0.046875 0.1046875
0 0.4359375 0.43984375 0.02109375 0.03984375
0 0.54765625 0.41328125 0.01953125 0.03515625
0 0.465625 0.4078125 0.01953125 0.03046875
0 0.490625 0.39921875 0.0109375 0.02421875
0 0.5390625 0.378125 0.0109375 0.02265625
0 0.48359375 0.38125 0.009375 0.01484375
0 0.5 0.37734375 0.0109375 0.015625
0 0.55546875 0.37578125 0.009375 0.0125
0 0.54765625 0.390625 0.01015625 0.02265625
0 0.53984375 0.34921875 0.0109375 0.01875
0 0.49765625 0.36875 0.0078125 0.01328125
0 0.50625 0.35703125 0.00546875 0.01640625
0 0.5125 0.35078125 0.0046875 0.0109375
0 0.51953125 0.34765625 0.0046875 0.0125