0 0.3640625 0.55859375 0.0625 0.1
0 0.42890625 0.43984375 0.02421875 0.0453125
0 0.4703125 0.43671875 0.021875 0.03125
0 0.590625 0.62734375 0.08046875 0.1109375
0 0.6359375 0.521875 0.0703125 0.11484375
0 0.55234375 0.4578125 0.0328125 0.04609375
0 0.47109375 0.39765625 0.0140625 0.0171875
0 0.49296875 0.3953125 0.0125 0.01484375
0 0.56875 0.39921875 0.0296875 0.05078125
0 0.5453125 0.38671875 0.01171875 0.01953125
0 0.4890625 0.3765625 0.009375 0.0171875
0 0.53671875 0.3640625 0.009375 0.02265625
0 0.54921875 0.36484375 0.01015625 0.01953125
0 0.503125 0.36171875 0.00859375 0.01171875
0 0.51328125 0.36328125 0.00625 0.00703125
0 0.51015625 0.35546875 0.00546875 0.009375
0 0.51640625 0.35078125 0.00546875 0.01328125
0 0.53828125 0.33828125 0.00625 0.0140625
0 0.521875 0.33828125 0.0109375 0.01484375