0 0.21640625 0.78203125 0.0890625 0.1421875
0 0.4015625 0.4796875 0.03046875 0.05625
0 0.44921875 0.4875 0.025 0.05
0 0.4828125 0.41015625 0.015625 0.0234375
0 0.45859375 0.40859375 0.01484375 0.0265625
0 0.4828125 0.384375 0.01328125 0.01953125
0 0.496875 0.3625 0.01171875 0.0171875
0 0.54765625 0.490625 0.0328125 0.05625
0 0.5984375 0.4578125 0.0515625 0.09296875
0 0.54140625 0.41953125 0.01953125 0.02734375
0 0.56328125 0.3890625 0.02421875 0.04609375
0 0.5453125 0.37578125 0.00859375 0.0140625
0 0.5375 0.359375 0.0078125 0.0125
0 0.5484375 0.36171875 0.00859375 0.0140625
0 0.51015625 0.365625 0.00546875 0.00625
0 0.50703125 0.35546875 0.0078125 0.00859375
0 0.5171875 0.3546875 0.00625 0.0125
0 0.540625 0.3390625 0.009375 0.01640625
0 0.5515625 0.35 0.003125 0.00546875
0 0.51796875 0.33984375 0.00859375 0.0140625