0 0.21015625 0.74609375 0.1140625 0.184375
0 0.38984375 0.48515625 0.046875 0.08046875
0 0.46953125 0.434375 0.0234375 0.03046875
0 0.56171875 0.49140625 0.05390625 0.065625
0 0.90625 0.95703125 0.175 0.0859375
0 0.5671875 0.41484375 0.0203125 0.02734375
0 0.471875 0.38984375 0.0171875 0.02578125
0 0.48359375 0.3828125 0.0078125 0.0125
0 0.490625 0.37578125 0.00703125 0.01328125
0 0.50390625 0.375 0.0125 0.01484375
0 0.53671875 0.3703125 0.0109375 0.021875
0 0.553125 0.36484375 0.0140625 0.025
0 0.51171875 0.36328125 0.00859375 0.0078125
0 0.54765625 0.34765625 0.0078125 0.009375
0 0.51171875 0.35546875 0.00703125 0.0078125
0 0.51953125 0.34921875 0.00625 0.0078125
0 0.4953125 0.36328125 0.00625 0.01328125
0 0.5375 0.3421875 0.0078125 0.01796875