0 0.22890625 0.8953125 0.1703125 0.209375
0 0.38515625 0.62265625 0.071875 0.1015625
0 0.5578125 0.48828125 0.03125 0.05859375
0 0.65078125 0.53203125 0.115625 0.17421875
0 0.39609375 0.4859375 0.04609375 0.08984375
0 0.47578125 0.43515625 0.0265625 0.04765625
0 0.54609375 0.41875 0.01875 0.03203125
0 0.46796875 0.39921875 0.01484375 0.021875
0 0.5421875 0.38984375 0.015625 0.03359375
0 0.56171875 0.39140625 0.015625 0.0265625
0 0.48203125 0.3859375 0.015625 0.02890625
0 0.50234375 0.3796875 0.00625 0.01953125
0 0.49609375 0.36796875 0.0078125 0.01015625
0 0.50859375 0.3515625 0.009375 0.0125
0 0.5375 0.3484375 0.0046875 0.02734375
0 0.5484375 0.36171875 0.00859375 0.00859375
0 0.50234375 0.3640625 0.00859375 0.0140625